[513.7476051391715, 527.9943062292459], [528.8799961751769, 42.86765242789329]
[520.8687303325856, 254.72112693197028], [689.1053130269999, 193.3014221387715]
[515.5278864375249, 529.7745875275996], [944.5756793407396, 305.45914393504756]
[764.7672682070273, 401.5943340461413], [896.5080842851927, 516.4224777899476]
[511.077183191641, 532.44500947513], [916.9813192162588, 772.7829847528642]
[743.4038926267841, 661.515403605765], [717.5898138006572, 838.653392791947]
[512.8574644899946, 536.0055720718372], [511.9673238408178, 981.075896660234]
[510.18704254246416, 773.673125402041], [351.74200698899494, 860.01676837219]
[513.7476051391715, 531.5548688259531], [91.82093742937116, 746.9689059267372]
[301.00398998591766, 643.7125906222292], [133.6575479406805, 547.5774005111355]
[512.8574644899946, 534.2252907734835], [98.94206262278556, 277.8647838105669]
[283.20117700238177, 390.9126462560197], [297.44342738921057, 211.1042351223074]
[511.5, 988.3138528138527], [526.7380952380952, 36.62554112554085]
[514.2705627705627, 707.1017316017314], [517.0411255411256, 338.61688311688295]
